snd/rcv         time       type       sequence        payload size    ack             RTT             window size    
------------------------------------------------------------------------------------------------------------------
snd             0.0        S          0               0               0               1500            0              
snd             1.0        S          0               0               0               1500            0              
snd             3.0        S          0               0               0               1500            0              
snd             4.0        S          0               0               0               1500            0              
snd             6.0        S          0               0               0               1500            0              
rcv             6.0        SA         0               0               1               1500            0              
snd             6.0        A          1               0               1               1500            0              
snd             6.0        D          0               5000            0               1619            1              
snd             6.0        D          5000            5000            0               1619            2              
snd             6.0        D          10000           5000            0               1623            3              
snd             6.0        D          15000           5000            0               1623            4              
rcv             6.0        A          1               0               0               4               3              
snd             6.0        D          20000           5000            1               755             4              
rcv             6.0        A          1               0               5000            5               3              
snd             6.0        D          25000           5000            1               750             3              
snd             6.0        D          30000           5000            1               750             4              
rcv             6.0        A          1               0               10000           3               3              
rcv             6.0        A          1               0               15000           13              3              
snd             6.0        D          35000           5000            1               771             4              
snd             6.0        D          40000           5000            1               771             4              
rcv             6.0        A          1               0               20000           15              3              
snd             6.0        D          45000           5000            1               757             4              
rcv             6.0        A          1               0               25000           7               3              
rcv             6.0        A          1               0               30000           17              3              
snd             6.0        D          50000           5000            1               778             3              
snd             6.0        D          55000           5000            1               778             4              
rcv             6.0        A          1               0               35000           19              2              
rcv             6.0        A          1               0               40000           10              3              
snd             6.0        D          60000           5000            1               769             4              
snd             6.0        D          65000           5000            1               769             4              
rcv             6.0        A          1               0               45000           12              3              
snd             6.0        D          70000           5000            1               762             4              
rcv             6.0        A          1               0               50000           9               3              
rcv             6.0        A          1               0               55000           1               3              
snd             6.0        D          75000           5000            1               748             4              
rcv             6.0        A          1               0               60000           0               3              
snd             6.0        D          80000           5000            1               748             4              
rcv             6.0        A          1               0               65000           7               3              
snd             6.0        D          85000           5000            1               757             4              
rcv             6.0        A          1               0               70000           1               3              
snd             6.0        D          90000           5000            1               748             4              
rcv             6.0        A          1               0               75000           1               3              
rcv             6.0        A          1               0               80000           6               2              
rcv             6.0        A          1               0               85000           9               1              
rcv             6.0        A          1               0               90000           12              0              
snd             6.0        D          95000           5000            1               769             1              
tout/RXT        6.0        D          95000           5000            0               769             1              
rcv             6.0        A          1               0               95000           0               1              
snd             6.0        D          100000          5000            1               769             2              
rcv             6.0        A          1               0               100000          2               1              
snd             6.0        D          105000          5000            1               749             1              
snd             6.0        D          110000          5000            1               749             2              
rcv             6.0        A          1               0               105000          0               1              
rcv             6.0        A          1               0               110000          2               0              
rcv             6.0        A          1               0               115000          2               0              
snd             6.0        D          115000          5000            1               749             0              
snd             6.0        D          120000          5000            1               749             1              
snd             6.0        D          125000          5000            1               749             2              
rcv             6.0        A          1               0               120000          1               1              
rcv             6.0        A          1               0               125000          3               0              
snd             6.0        D          130000          5000            1               750             1              
snd             6.0        D          135000          5000            1               750             2              
rcv             6.0        A          1               0               130000          4               1              
rcv             6.0        A          1               0               135000          5               0              
snd             6.0        D          140000          5000            1               755             1              
snd             6.0        D          145000          5000            1               755             2              
snd             6.0        D          150000          5000            1               755             3              
snd             6.0        D          155000          5000            1               748             4              
rcv             6.0        A          1               0               140000          0               3              
snd             6.0        D          160000          5000            1               748             4              
snd             6.0        D          165000          5000            1               748             4              
rcv             6.0        A          1               0               145000          0               3              
rcv             6.0        A          1               0               150000          1               3              
snd             6.0        D          170000          5000            1               748             4              
rcv             6.0        A          1               0               155000          1               3              
snd             6.0        D          175000          5000            1               748             4              
rcv             6.0        A          1               0               160000          1               3              
snd             6.0        D          180000          5000            1               748             4              
rcv             6.0        A          1               0               165000          1               3              
snd             6.0        D          185000          5000            1               748             4              
rcv             6.0        A          1               0               170000          0               3              
snd             6.0        D          190000          5000            1               748             4              
rcv             6.0        A          1               0               175000          0               3              
snd             6.0        D          195000          5000            1               748             4              
rcv             6.0        A          1               0               180000          1               3              
snd             6.0        D          200000          5000            1               748             4              
rcv             6.0        A          1               0               185000          1               3              
snd             6.0        D          205000          5000            1               748             4              
rcv             6.0        A          1               0               190000          1               3              
snd             6.0        D          210000          5000            1               748             4              
rcv             6.0        A          1               0               195000          1               3              
snd             6.0        D          215000          5000            1               748             4              
rcv             6.0        A          1               0               200000          0               3              
snd             6.0        D          220000          5000            1               748             4              
rcv             6.0        A          1               0               205000          1               3              
snd             6.0        D          225000          5000            1               748             4              
rcv             6.0        A          1               0               210000          0               3              
snd             6.0        D          230000          5000            1               748             4              
rcv             6.0        A          1               0               215000          1               3              
snd             6.0        D          235000          5000            1               748             4              
rcv             6.0        A          1               0               220000          1               3              
snd             6.0        D          240000          5000            1               748             4              
rcv             6.0        A          1               0               225000          1               3              
snd             6.0        D          245000          5000            1               748             4              
rcv             6.0        A          1               0               230000          0               3              
snd             6.0        D          250000          5000            1               748             4              
rcv             6.0        A          1               0               235000          1               3              
snd             6.0        D          255000          5000            1               748             4              
rcv             6.0        A          1               0               240000          1               3              
snd             6.0        D          260000          5000            1               748             4              
rcv             6.0        A          1               0               245000          1               3              
snd             6.0        D          265000          5000            1               748             4              
rcv             6.0        A          1               0               250000          1               3              
snd             6.0        D          270000          5000            1               748             4              
rcv             6.0        A          1               0               255000          1               3              
snd             6.0        D          275000          5000            1               748             4              
rcv             6.0        A          1               0               260000          1               3              
snd             6.0        D          280000          5000            1               748             4              
rcv             6.0        A          1               0               265000          2               3              
snd             6.0        D          285000          5000            1               749             4              
rcv             6.0        A          1               0               270000          0               3              
snd             6.0        D          290000          5000            1               748             4              
rcv             6.0        A          1               0               275000          1               3              
snd             6.0        D          295000          5000            1               748             4              
rcv             6.0        A          1               0               280000          0               3              
snd             6.0        D          300000          5000            1               748             4              
rcv             6.0        A          1               0               285000          1               3              
snd             6.0        D          305000          5000            1               748             4              
rcv             6.0        A          1               0               290000          2               3              
snd             6.0        D          310000          5000            1               749             4              
tout/RXT        6.0        D          295000          5000            0               757             4              
tout/RXT        6.0        D          295000          5000            0               769             4              
tout/RXT        6.0        D          295000          5000            0               781             4              
tout/RXT        6.0        D          295000          5000            0               793             4              
rcv             6.0        A          1               0               295000          56              3              
snd             6.0        D          315000          5000            1               846             4              
rcv             6.0        A          1               0               300000          0               3              
snd             6.0        D          320000          5000            1               748             4              
rcv             6.0        A          1               0               305000          1               3              
snd             6.0        D          325000          5000            1               748             4              
rcv             6.0        A          1               0               310000          3               3              
snd             6.0        D          330000          5000            1               755             4              
rcv             6.0        A          1               0               315000          4               3              
snd             6.0        D          335000          5000            1               755             4              
rcv             6.0        A          1               0               320000          4               3              
snd             6.0        D          340000          5000            1               755             4              
rcv             6.0        A          1               0               325000          5               3              
snd             6.0        D          345000          5000            1               748             4              
rcv             6.0        A          1               0               330000          1               3              
snd             6.0        D          350000          5000            1               748             4              
rcv             6.0        A          1               0               335000          0               3              
snd             6.0        D          355000          5000            1               748             4              
rcv             6.0        A          1               0               340000          1               3              
snd             6.0        D          360000          5000            1               748             4              
rcv             6.0        A          1               0               345000          0               3              
rcv             6.0        A          1               0               350000          1               2              
snd             6.0        D          365000          5000            1               748             3              
snd             6.0        D          370000          5000            1               748             4              
rcv             6.0        A          1               0               355000          0               3              
snd             6.0        D          375000          5000            1               748             4              
rcv             6.0        A          1               0               360000          0               3              
snd             6.0        D          380000          5000            1               748             4              
rcv             6.0        A          1               0               365000          1               3              
snd             6.0        D          385000          5000            1               748             4              
rcv             6.0        A          1               0               370000          0               3              
snd             6.0        D          390000          5000            1               748             4              
rcv             6.0        A          1               0               375000          0               3              
snd             6.0        D          395000          5000            1               748             4              
rcv             6.0        A          1               0               380000          0               3              
snd             6.0        D          400000          5000            1               748             4              
rcv             6.0        A          1               0               385000          0               3              
snd             6.0        D          405000          5000            1               748             4              
rcv             6.0        A          1               0               390000          0               3              
snd             6.0        D          410000          5000            1               748             4              
snd             6.0        D          415000          5000            1               748             4              
rcv             6.0        A          1               0               395000          1               3              
rcv             6.0        A          1               0               400000          1               3              
snd             6.0        D          420000          5000            1               748             4              
rcv             6.0        A          1               0               405000          0               3              
snd             6.0        D          425000          5000            1               748             4              
rcv             6.0        A          1               0               410000          1               3              
snd             6.0        D          430000          5000            1               748             4              
snd             6.0        D          435000          5000            1               748             4              
rcv             6.0        A          1               0               415000          1               3              
snd             6.0        D          440000          5000            1               748             4              
rcv             6.0        A          1               0               420000          1               3              
snd             6.0        D          445000          5000            1               749             4              
rcv             6.0        A          1               0               425000          2               3              
rcv             6.0        A          1               0               430000          1               3              
snd             6.0        D          450000          5000            1               748             4              
rcv             6.0        A          1               0               435000          0               3              
snd             6.0        D          455000          5000            1               748             4              
rcv             6.0        A          1               0               440000          0               3              
snd             6.0        D          460000          5000            1               748             4              
rcv             6.0        A          1               0               445000          0               3              
snd             6.0        D          465000          5000            1               748             4              
rcv             6.0        A          1               0               450000          0               3              
rcv             6.0        A          1               0               455000          2               2              
rcv             6.0        A          1               0               460000          2               1              
rcv             6.0        A          1               0               465000          0               1              
snd             6.0        D          470000          5000            1               748             2              
snd             6.0        D          475000          5000            1               748             2              
snd             6.0        D          480000          5000            1               748             3              
snd             6.0        D          485000          5000            1               748             4              
rcv             6.0        A          1               0               470000          0               3              
snd             6.0        D          490000          5000            1               748             4              
rcv             6.0        A          1               0               475000          0               3              
snd             6.0        D          495000          5000            1               748             4              
rcv             6.0        A          1               0               480000          1               3              
snd             6.0        D          500000          5000            1               748             4              
rcv             6.0        A          1               0               485000          0               3              
snd             6.0        D          505000          5000            1               748             4              
rcv             6.0        A          1               0               490000          1               3              
rcv             6.0        A          1               0               495000          2               2              
snd             6.0        D          510000          5000            1               749             3              
snd             6.0        D          515000          5000            1               749             4              
snd             6.0        D          520000          5000            1               748             4              
rcv             6.0        A          1               0               500000          0               3              
rcv             6.0        A          1               0               505000          3               3              
snd             6.0        D          525000          5000            1               755             4              
rcv             6.0        A          1               0               510000          4               3              
snd             6.0        D          530000          5000            1               748             4              
rcv             6.0        A          1               0               515000          0               3              
rcv             6.0        A          1               0               520000          0               3              
snd             6.0        D          535000          5000            1               748             4              
snd             6.0        D          540000          5000            1               748             4              
rcv             6.0        A          1               0               525000          0               3              
snd             6.0        D          545000          5000            1               748             4              
rcv             6.0        A          1               0               530000          0               3              
snd             6.0        D          550000          5000            1               748             4              
snd             6.0        D          555000          5000            1               748             4              
rcv             6.0        A          1               0               535000          0               3              
rcv             6.0        A          1               0               540000          1               3              
snd             6.0        D          560000          5000            1               748             4              
rcv             6.0        A          1               0               545000          0               3              
snd             6.0        D          565000          5000            1               748             4              
rcv             6.0        A          1               0               550000          0               3              
snd             6.0        D          570000          5000            1               748             4              
rcv             6.0        A          1               0               555000          1               3              
snd             6.0        D          575000          5000            1               748             4              
snd             6.0        D          580000          5000            1               748             4              
rcv             6.0        A          1               0               560000          0               3              
rcv             6.0        A          1               0               565000          5               3              
snd             6.0        D          585000          5000            1               755             4              
rcv             6.0        A          1               0               570000          0               3              
snd             6.0        D          590000          5000            1               748             4              
rcv             6.0        A          1               0               575000          0               3              
snd             6.0        D          595000          5000            1               748             4              
rcv             6.0        A          1               0               580000          0               3              
snd             6.0        D          600000          5000            1               748             4              
rcv             6.0        A          1               0               585000          0               3              
rcv             6.0        A          1               0               590000          0               3              
snd             6.0        D          605000          5000            1               748             4              
snd             6.0        D          610000          5000            1               748             4              
rcv             6.0        A          1               0               595000          0               3              
snd             6.0        D          615000          5000            1               748             4              
rcv             6.0        A          1               0               600000          1               3              
snd             6.0        D          620000          5000            1               748             4              
rcv             6.0        A          1               0               605000          0               3              
snd             6.0        D          625000          5000            1               748             4              
rcv             6.0        A          1               0               610000          0               3              
snd             6.0        D          630000          5000            1               748             4              
tout/RXT        6.0        D          615000          5000            0               760             4              
rcv             6.0        A          1               0               615000          18              3              
snd             6.0        D          635000          5000            1               777             4              
rcv             6.0        A          1               0               620000          1               3              
snd             6.0        D          640000          5000            1               748             4              
rcv             6.0        A          1               0               625000          0               3              
snd             6.0        D          645000          5000            1               748             4              
rcv             6.0        A          1               0               630000          0               3              
snd             6.0        D          650000          5000            1               748             4              
rcv             6.0        A          1               0               635000          2               3              
rcv             6.0        A          1               0               640000          3               2              
rcv             6.0        A          1               0               645000          5               2              
rcv             6.0        A          1               0               650000          0               1              
rcv             6.0        A          1               0               655000          1               0              
snd             6.0        D          655000          5000            1               755             0              
snd             6.0        D          660000          5000            1               748             1              
snd             6.0        D          665000          5000            1               748             2              
snd             6.0        D          670000          5000            1               748             3              
snd             6.0        D          675000          5000            1               748             4              
rcv             6.0        A          1               0               660000          0               3              
snd             6.0        D          680000          5000            1               748             4              
rcv             6.0        A          1               0               665000          0               3              
rcv             6.0        A          1               0               670000          0               3              
snd             6.0        D          685000          5000            1               748             4              
snd             6.0        D          690000          5000            1               748             4              
rcv             6.0        A          1               0               675000          1               3              
rcv             6.0        A          1               0               680000          1               3              
snd             6.0        D          695000          5000            1               748             3              
snd             6.0        D          700000          5000            1               748             4              
rcv             6.0        A          1               0               685000          0               3              
snd             6.0        D          705000          5000            1               748             4              
rcv             6.0        A          1               0               690000          0               3              
snd             6.0        D          710000          5000            1               748             4              
rcv             6.0        A          1               0               695000          0               3              
snd             6.0        D          715000          5000            1               748             4              
rcv             6.0        A          1               0               700000          0               3              
snd             6.0        D          720000          5000            1               748             4              
rcv             6.0        A          1               0               705000          0               3              
snd             6.0        D          725000          5000            1               748             4              
rcv             6.0        A          1               0               710000          0               3              
snd             6.0        D          730000          5000            1               748             4              
rcv             6.0        A          1               0               715000          0               3              
snd             6.0        D          735000          5000            1               748             4              
rcv             6.0        A          1               0               720000          0               3              
snd             6.0        D          740000          5000            1               748             4              
rcv             6.0        A          1               0               725000          1               3              
snd             6.0        D          745000          5000            1               748             4              
rcv             6.0        A          1               0               730000          0               3              
snd             6.0        D          750000          5000            1               748             4              
rcv             6.0        A          1               0               735000          1               3              
snd             6.0        D          755000          5000            1               748             4              
rcv             6.0        A          1               0               740000          0               3              
snd             6.0        D          760000          5000            1               748             4              
rcv             6.0        A          1               0               745000          0               3              
snd             6.0        D          765000          5000            1               748             4              
rcv             6.0        A          1               0               750000          0               3              
snd             6.0        D          770000          5000            1               748             4              
rcv             6.0        A          1               0               755000          1               3              
rcv             6.0        A          1               0               760000          0               3              
rcv             6.0        A          1               0               765000          2               2              
snd             6.0        D          775000          5000            1               748             4              
snd             6.0        D          780000          5000            1               751             3              
snd             6.0        D          785000          5000            1               755             4              
rcv             6.0        A          1               0               770000          4               3              
snd             6.0        D          790000          5000            1               755             4              
rcv             6.0        A          1               0               775000          0               3              
snd             6.0        D          795000          5000            1               748             4              
rcv             6.0        A          1               0               780000          1               3              
rcv             6.0        A          1               0               785000          2               3              
snd             6.0        D          800000          5000            1               749             4              
rcv             6.0        A          1               0               790000          0               2              
rcv             6.0        A          1               0               795000          1               1              
snd             6.0        D          805000          5000            1               748             2              
snd             6.0        D          810000          5000            1               748             3              
rcv             6.0        A          1               0               800000          1               2              
snd             6.0        D          815000          5000            1               748             3              
snd             6.0        D          820000          5000            1               748             4              
rcv             6.0        A          1               0               805000          0               3              
snd             6.0        D          825000          5000            1               748             4              
rcv             6.0        A          1               0               810000          0               3              
snd             6.0        D          830000          5000            1               748             4              
rcv             6.0        A          1               0               815000          1               3              
snd             6.0        D          835000          5000            1               748             4              
rcv             6.0        A          1               0               820000          0               3              
snd             6.0        D          840000          5000            1               748             4              
rcv             6.0        A          1               0               825000          0               3              
snd             6.0        D          845000          5000            1               748             4              
rcv             6.0        A          1               0               830000          0               3              
snd             6.0        D          850000          5000            1               748             4              
rcv             6.0        A          1               0               835000          0               3              
snd             6.0        D          855000          5000            1               748             4              
rcv             6.0        A          1               0               840000          1               3              
snd             6.0        D          860000          5000            1               748             4              
rcv             6.0        A          1               0               845000          0               3              
snd             6.0        D          865000          5000            1               748             4              
rcv             6.0        A          1               0               850000          1               3              
snd             6.0        D          870000          5000            1               748             4              
rcv             6.0        A          1               0               855000          0               3              
snd             6.0        D          875000          5000            1               748             4              
rcv             6.0        A          1               0               860000          0               3              
snd             6.0        D          880000          5000            1               748             4              
rcv             6.0        A          1               0               865000          0               3              
snd             6.0        D          885000          5000            1               748             4              
rcv             6.0        A          1               0               870000          1               3              
snd             6.0        D          890000          5000            1               748             4              
rcv             6.0        A          1               0               875000          0               3              
snd             6.0        D          895000          5000            1               748             4              
rcv             6.0        A          1               0               880000          0               3              
snd             6.0        D          900000          5000            1               748             4              
rcv             6.0        A          1               0               885000          0               3              
snd             6.0        D          905000          5000            1               748             4              
rcv             6.0        A          1               0               890000          0               3              
snd             6.0        D          910000          5000            1               748             4              
rcv             6.0        A          1               0               895000          1               3              
snd             6.0        D          915000          5000            1               748             4              
rcv             6.0        A          1               0               900000          0               3              
snd             6.0        D          920000          5000            1               748             4              
rcv             6.0        A          1               0               905000          0               3              
rcv             6.0        A          1               0               910000          1               3              
snd             6.0        D          925000          5000            1               748             3              
rcv             6.0        A          1               0               915000          1               3              
snd             6.0        D          930000          5000            1               748             3              
snd             6.0        D          935000          5000            1               748             4              
rcv             6.0        A          1               0               920000          0               3              
snd             6.0        D          940000          5000            1               748             4              
rcv             6.0        A          1               0               925000          1               3              
snd             6.0        D          945000          5000            1               748             4              
rcv             6.0        A          1               0               930000          0               3              
snd             6.0        D          950000          5000            1               748             4              
rcv             6.0        A          1               0               935000          0               3              
snd             6.0        D          955000          5000            1               748             4              
rcv             6.0        A          1               0               940000          0               3              
snd             6.0        D          960000          5000            1               748             4              
rcv             6.0        A          1               0               945000          0               3              
snd             6.0        D          965000          5000            1               748             4              
rcv             6.0        A          1               0               950000          0               3              
snd             6.0        D          970000          5000            1               748             4              
rcv             6.0        A          1               0               955000          0               3              
snd             6.0        D          975000          5000            1               748             4              
rcv             6.0        A          1               0               960000          0               3              
snd             6.0        D          980000          5000            1               748             4              
rcv             6.0        A          1               0               965000          0               3              
snd             6.0        D          985000          5000            1               748             4              
rcv             6.0        A          1               0               970000          0               3              
snd             6.0        D          990000          5000            1               748             4              
rcv             6.0        A          1               0               975000          0               3              
snd             6.0        D          995000          5000            1               748             4              
rcv             6.0        A          1               0               980000          0               3              
snd             6.0        D          1000000         5000            1               748             4              
rcv             6.0        A          1               0               985000          2               3              
snd             6.0        D          1005000         5000            1               748             4              
rcv             6.0        A          1               0               990000          0               3              
snd             6.0        D          1010000         5000            1               748             4              
rcv             6.0        A          1               0               995000          0               3              
snd             6.0        D          1015000         5000            1               748             4              
rcv             6.0        A          1               0               1000000         1               3              
snd             6.0        D          1020000         5000            1               748             4              
rcv             6.0        A          1               0               1005000         0               3              
snd             6.0        D          1025000         5000            1               748             4              
rcv             6.0        A          1               0               1010000         0               3              
snd             6.0        D          1030000         5000            1               748             4              
rcv             6.0        A          1               0               1015000         1               3              
snd             6.0        D          1035000         5000            1               748             4              
rcv             6.0        A          1               0               1020000         1               3              
snd             6.0        D          1040000         5000            1               748             4              
rcv             6.0        A          1               0               1025000         1               3              
snd             6.0        D          1045000         5000            1               748             4              
rcv             6.0        A          1               0               1030000         1               3              
snd             6.0        D          1050000         5000            1               748             4              
rcv             6.0        A          1               0               1035000         2               3              
snd             6.0        D          1055000         5000            1               749             4              
rcv             6.0        A          1               0               1040000         1               3              
snd             6.0        D          1060000         5000            1               748             4              
rcv             6.0        A          1               0               1045000         1               3              
snd             6.0        D          1065000         5000            1               748             4              
rcv             6.0        A          1               0               1050000         1               3              
snd             6.0        D          1070000         5000            1               748             4              
rcv             6.0        A          1               0               1055000         2               3              
snd             6.0        D          1075000         5000            1               749             4              
rcv             6.0        A          1               0               1060000         1               3              
snd             6.0        D          1080000         5000            1               748             4              
rcv             6.0        A          1               0               1065000         1               3              
snd             6.0        D          1085000         5000            1               748             4              
rcv             6.0        A          1               0               1070000         2               3              
snd             6.0        D          1090000         5000            1               749             4              
rcv             6.0        A          1               0               1075000         2               3              
snd             6.0        D          1095000         5000            1               749             4              
rcv             6.0        A          1               0               1080000         2               3              
snd             6.0        D          1100000         5000            1               749             4              
rcv             6.0        A          1               0               1085000         1               3              
snd             6.0        D          1105000         5000            1               748             4              
rcv             6.0        A          1               0               1090000         1               3              
snd             6.0        D          1110000         5000            1               748             4              
rcv             6.0        A          1               0               1095000         1               3              
snd             6.0        D          1115000         3250            1               748             4              
rcv             6.0        A          1               0               1100000         1               3              
rcv             6.0        A          1               0               1105000         2               2              
rcv             6.0        A          1               0               1110000         4               1              
rcv             6.0        A          1               0               1115000         5               0              
